,S1,S2,S3,S4,S5,Delta
P 2-1,0.7111116686576187,0.8345345057587835,0.9369747108735899,0.854612576097689,0.8467735821734804,0.13566191351586177
P 2-2,0.5292290820204059,0.783198693190283,0.8543492171538938,0.8386170485430704,0.8986384163592402,0.3694093343388344
P 2-3,0.5414365318031717,0.7074744845211067,0.8390929321577968,0.9054841972647515,0.9308653844876924,0.38942885268452065
P 2-4,0.5661109568108245,0.6602135357090214,0.7932865864284732,0.8582830441102834,0.8671538494023148,0.3010428925914903
P 2-5,0.581516354222343,0.789899875620868,0.8071786446316614,0.8790903509724165,0.8838175418927005,0.3023011876703574
P 2-6,0.5727317611865461,0.6494766938827646,0.7809265032582169,0.8484424241539423,0.8533871400905279,0.28065537890398173
P 2-7,0.3123982954877792,0.6715195972394906,0.8317278204723456,0.8310759606096532,0.8911080256140196,0.5787097301262404
P 2-8,0.3348282129460086,0.6092834377715929,0.8763189476686931,0.9190423502384685,0.9207351188900609,0.5859069059440523
P 2-9,0.5133341664294961,0.7521683523166611,0.7050925760384855,0.8467757671719701,0.8413332725397684,0.3279991061102723
P 2-10,0.16076238980129853,0.3809054187027487,0.4729605657003693,0.5535351181981981,0.6555860910056793,0.4948237012043808
P 2-11,0.6729286079452603,0.7887829518017332,0.8527750055767525,0.8852205329636454,0.8952724860531794,0.2223438781079191
P 2-12,0.6329520865821908,0.7769043583420274,0.8045743342943722,0.8790073923614238,0.9640900091654621,0.33113792258327124
P 2-13,0.4625129774604235,0.7514956870733329,0.8477981365328445,0.8640827877042744,0.9010956417178836,0.43858266425746006
P 2-14,0.45863298927705215,0.667633250973483,0.8192643732011713,0.8384457537278438,0.8878889106025946,0.4292559213255424
P 2-15,0.5733288904729983,0.6937300788960022,0.821311795399676,0.8348428391756465,0.9558337539026964,0.38250486342969814
P 2-16,0.6568594671133715,0.7298094161884326,0.9073855067088926,0.8662615292687497,0.9099628415906631,0.2531033744772916
